-70 -67 1604 76
-70 -67 84 850
863 -67 50 850
14 747 380 26
518 747 395 40
518 747 13 746
381 747 13 751
-65 1468 453 30
1269 1468 228 23
-65 1470 85 1545
-59 3024 2030 100
1965 2719 25 310
1490 9 30 2685
1490 2694 230 25
1812 2694 3265 25
5193 2694 2994 25
8302 2694 635 25
518 1460 646 33
4666 2719 30 1530
5825 2719 30 1530
4614 4248 1253 35
7770 2719 37 1533
8933 2392 37 3342
7722 4244 1234 30
8321 4273 30 2245
8339 5729 1495 30
9212 5751 20 760
9811 5751 20 2709
8333 6494 380 20
8840 6494 375 20
8705 6496 15 740
8840 6496 15 740
8840 7217 633 20
8243 7217 455 20
9590 7217 223 20
8243 7217 100 1567
8343 8763 2000 25
9811 8434 207 30
10133 8434 3262 30
13514 8429 3000 30
16622 8429 645 30
10283 8460 20 300
9830 8132  2512 30
12452 8132 2395 30
14955 8132 2300 30
16104 8451 20 1559
17256 8139 20 3765
16647 9992 20 1908
16100 9988 873 43
17088 9988 200 43
16649 11455 250 20
17039 11455 250 20
16655 11890 620 30
14428 7381  42 747
15343 7375 20  747
14454 7369 900 25
13001 8457 25 1543
12998 9985 1165 25
14135 8448 25 1555
1506 2407 2506 20
3738 906 615 35
3738 906 34 1498
4356 906 34 1498
4128 2407 2405 20
6122 1631 25 777
6122 1631 919 34
7020 1631 25 777
6636 2397 2320 30
12059 6648 631 37
12059 6448 37 1687
12681 6448 37 1687